1888
INDEX OF SUBJECTS.
dlas
ACTIVITY.- ii, 30, 49, 80, 109, 112, 127, 128, 156, 167,
INFANT CLAss.-21, 24, 92, 96, 148.
238, 246.
Jesus, PRECIOUs.5, 40, 41, 43, 48, 50, 75, 175, 203, $60
ANNIVERsaRIEs.-142
JoY.-32, 85, 202, 206.
BIRTH OF CHRIST.-10 17, 161, 184.
Jesus, OUR FRIEND.-61 98, 163, 170.
BIBLE.-27, 76, 119, 132.
JUDGMENT Day.-143, 205.
BLOoD OF Jesus.--20 101, 165, 171, 174, 223.
LOvE OF CHRIsT.-2, 58, 141, 240, 263.
CHILDREN OF A KING.-9.
LOvE FOR THE CHURCH.-268
CHRIsT A RocK.-44, 131, 149, 220.
MISSIoNARY.-55, 78, 113, 115, 145, 173.
CLOsING HYMN.-198.
MISCELLANEOUS.-16 25, 34, 36, 39, 71, 84, 91, 97, 102,
COMING OF CHRIsT.-121 180, 231.
104, 122, 123, 137, 153, 177, 178, 196, 209.
COMING TO CHRIST.65 74, 182, 186, 195, 208, 212, 242.
PARTING HYMns.-46, 63, 72, 116, 207.
CONSECRATION.-89 94, 162, 199, 255, 262, 264.
PowER OF CHRIsT.-47, 52, 225, 237.
DEPENDENCE.-42, 124, 125, 197.
PRaIse.-12 33, 77, 81, 200, 230, 232, 248, 249, 252, 269,
ExPERIENcE.-23, 56, 57, 140, 160, 169, 180, 201, 216,
271.
251, 251,257,259. 257, 259.
FUNERALs.-7 250.
PRAYER.-22, 79, 100, 105, 106, 108, 111, 118, 136, 144,
FAITH.-8 37, 155, 166, 190, 204, 228, 234, 247, 258, 261,
157, 158, 176, 179, 192, 218, 224, 236, 256, 277.
274.
REsT.-107, 219, 222, 270.
FOLLOWING CHRIsT.-83 99, 117, 146, 213.
SALVATION.-35, 88, 126, 133, 191.
GoD's CaRe.-6' 239, 167.
SECURITY.-253,2 254, 276.
GRACE.-66 266.
TEMPERaNce.-152.
HOPE.50, 211, 235.
VOLUNTaRes.-14, 17, 22, 23, 40, 47, 53, 64, 65, 88, 90,
HEavEn. 6, 13, 14, 19, 26, 28, 31, 59, 68, 82, 86, 87,
132, 137, 143. 146. 147, 149, 166, 185 192, 193, 200,
90, 93, 95, 120, 130, 135, 139, 147, 159, 172, 181, 185,
277.
214, 215, 217, 221, 226, 229, 243, 272.
WoRk.-1, 11, 30, 49, 80. 109 112, 12Y, 128, 156, 167,
INVITATIoN.-4 15, 18, 38, 45, 51, 54, 62, 64, 69, 70, 103,
238, 246.
110, 114, 129, 134, 151, 164, 194, 210.
