1888
INDEX OF SUBJECTS.
Clas
ACTIVITY.- . 11, 30, 49, 80, 109, 112, 127, 128, 156, 167, | INFANT CLASS.-21, 24, 92, 96, 148.
238, 246.
JESUS, PRECIOUS.-5, 40, 41, 43, 48, 50, 75, 175, 203, 260.
ANNIVERSARIES.-142.
BIRTH OF CHRIST.-10, 17, 161, 184.
JOY.-32, 85, 202, 206.
BIBLE.-27, 76, 119, 132.
JESUS, OUR FRIEND.-61, 98, 163, 170.
BLOOD OF JESUS.-20, 101, 165, 171, 174, 223.
JUDGMENT DAY.-143, 205.
LOVE OF CHRIST.-2, 58, 141, 240, 263.
CHILDREN OF A KING.-9.
LOVE FOR THE CHURCH. -268.
CHRIST A ROCK.-44, 131, 149, 220.
MISSIONARY.-55, 78, 113, 115, 145, 173.
CLOSING HYMN.-198.
COMING OF CHRIST.-121, 180, 231.
MISCELLANEOUS.-16, 25, 34, 36, 39, 71, 84, 91, 97, 10%,
COMING TO CHRIST.-65, 74, 182, 186, 195, 208, 212, 242.
104, 122, 123, 137, 153, 177, 178, 196, 209.
CONSECRATION.-89, 94, 162, 199, 255, 262, 264.
PARTING HYMNS. -46, 63, 72, 116, 207.
DEPENDENCE.-42, 124, 125, 197.
POWER OF CHRIST. -47, 52, 225, 237.
EXPERIENCE.-23, 56, 57, 140, 160, 169, 180, 201, 216,
PRAISE.-12, 33, 77, 81, 200, 230, 232, 248, 249, 252, 269,
251, 257, 259.
271.
FUNERALS. -7, 250.
PRAYER.-22, 79, 100, 105, 106, 108, 111, 118, 136, 144,
FAITH.-8, 37, 155, 166, 190, 204, 228, 234, 247, 258, 261,
157, 158, 176, 179, 192, 218, 224, 236, 256, 277.
274.
REST.-107, 219, 222, 270.
FOLLOWING CHRIST. -83, 99, 117, 146, 213.
SALVATION.-35, 88, 126, 133, 191.
GOD'S CARE. -67, 239, :67.
SECURITY.-253, 254, 276.
GRACE. -66, 266.
TEMPERANCE.-152.
HOPE. -50, 211, 235.
VOLUNTARIES.-14, 17, 22, 23, 40, 47, 53, 64, 65, 88, 90,
HEAVEN. -3, 6, 13, 14, 19, 26, 28, 31, 59, 68, 82, 86, 87,
132, 137, 143. 146. 147, 149, 166, 185, 192, 193, 200,
90, 93, 95, 120, 130, 135, 139, 147, 159, 172, 181, 185,
277.
214, 215, 217, 221, 226, 229, 243, 272.
INVITATION. -4, 15, 18, 38, 45, 51, 54, 62, 64, 69, 70, 103,
WORK.-1, 11, 30, 49, 80. 109 112, 127, 128, 156, 167,
110, 114, 129, 134, 151, 164, 194, 210.
238, 246.
