                                                                                       d/45                                   
                                                                                                                              
                      INDEX OF SUBJECTS.                                                                                      
                                                                                                                               
                                                                                                                               
                                                                                                                               
Activity.- il, 30, 49, 80, 109, 112, 127, 128,156, 167,        Infant Class.---21, 24, 92, 96, 148.                            
238, 246.                                                      Jesus, Precious.---5, 40, 41, 43,48, 50, 75, 175, 203, J6Q      
Anniversaries.---142.                                          Joy.---32, 85, 202, 206.                                        
Birth of Christ.---10, 17, 161, 184.                           Jesus, Our Friend.---61, 98, 163, 170.                          
Bible.---27, 76, 119, 132.                                     Judgment Day.---143, 205.                                       
Blood of Jesus.---20, 101, 165, 171, 174, 223.                 Love of Christ.---2, 58, 141, 240, 263.                         
Children of a King.---9.                                       Love for the Church.---268.                                     
Christ a Rock.---44, 131, 149, 220.                            Missionary.---55, 78, 113, 115, 145, 173.                       
Closing Hymn.---198.                                           Miscellaneous.---16, 25, 34, 36, 39, 71, 84, 91, 97, 102,       
Coming of Christ.---121, 180, 231.                             104, 122, 123, 137, 153, 177, 178, 196, 209.                    
Coming to Christ.---65, 74, 182, 186,195, 208, 212, 242.       Parting Hymns.---46, 63, 72, 116, 207.                          
Consecration.---89, 94,162, 199, 255, 262, 264.                Power of Christ.---47, 52, 225, 237.                            
Dependence.---42, 124, 125, 197.                               Praise.---12, 33, 77, 81, 200, 230, 232, 248, 249, 252, 269,    
Experience.---23, 56, 57, 140, 160, 169, 180, 201, 216,        271.                                                            
251, 257, 259.                                                 Prayer.---22, 79, 100, 105, 106, 108, 111, 118, 136, 144,       
Funerals.---7, 250.                                            157, 158, 176, 179, 192, 218, 224, 236, 256, 277.               
Faith.---8, 37, 155, 166, 190, 204, 228, 234, 247, 258, 261,                                                                   
274.                                                           Rest.---107, 219, 222, 270.                                     
Following Christ.---83, 99, 117, 146, 213.                     Salvation.---35, 88, 126, 133, 191.                             
God’s Care.---67, 239, ‘.'67.                                  Security.---253, 254, 276.                                      
Grace.---66, 266.                                              Temperance.---152.                                              
Hope.---50, 211, 235.                                          Voluntaries.---14, 17, 22, 23, 40, 47, 53, 64, 65, 88, 90,      
Heaven.---3, 6, 13,14, 19, 26, 28, 31, 59, 68, 82, 86, 87,     132, 137, 143. 146. 147, 149, 166, 185, 192, 193, 200,          
90, 93, 95, 120, 130, 135, 139,147,159, 172, 181, 185,         277.                                                            
214, 215, 217, 221, 226, 229, 243, 272.                        Work.---1, 11, 30, 49, 80. 109 112, 12T, 128, 156, 167,         
Invitation.---4.15, 18, 38, 45, 51, 54, 62, 64, 69,    103,    238, 246.                                                       
110,114, 129, 134, 151, 164, 194, 210.                                                                                         
