INDEX OF SUBJECTS

ACTIVITY.—1, 11, 30, 49, 80, 109, 112, 127, 128, 156, 167,
	238, 246.
ANNIVERSARIES.—142.
BIRTH OF CHRIST.—10, 17, 161, 184.
BIBLE.—27, 76, 119, 132.
BLOOD OF JESUS.—20, 101, 165, 171, 174, 223.
CHILDREN OF A KING.—9.
CHRIST A ROCK.—44, 131, 149, 220.
CLOSING HYMN.—198.
COMING OF CHRIST.—121, 180, 231.
COMING TO CHRIST.—65, 74, 182, 186, 195, 208, 212, 242.
CONSECRATION.—89, 94, 162, 199, 255, 262, 264.
DEPENDENCE.—42, 124, 125, 197.
EXPERIENCE.—23, 56, 57, 140, 160, 169, 180, 201, 216,
	251, 257, 259.
FUNERALS.—7, 250.
FAITH.—8, 37, 155, 166, 190, 204, 228, 234, 247, 258, 261,
	274.
FOLLOWING CHRIST.—83, 99, 117, 146, 213.
GOD'S CARE.—67, 239, 267.
GRACE.—66, 266.
HOPE.—50, 211, 235.
HEAVEN.—3, 6, 13, 14, 19, 26, 28, 31, 59, 68, 82, 86, 87,
	90, 93, 95, 120, 130, 135, 139, 147, 159, 172, 181, 185, 
	214, 215, 217, 221, 226, 229, 243, 272.
INVITATION.—4, 15, 18, 38, 45, 51, 54, 62, 64, 69, 70, 103,
	110, 114, 129, 134, 151, 164, 194, 210.

INFANT CLASS.—21, 24, 92, 96, 148.
JESUS, PRECIOUS.—5, 40, 41, 43, 48, 50, 75, 175, 203 260.
JOY.—32, 85, 202, 206.
JESUS, OUR FRIEND.—61, 98, 163, 170.
JUDGMENT DAY.—143, 205.
LOVE OF CHRIST.—2, 58, 141, 240, 263.
LOVE FOR THE CHURCH.—268.
MISSIONARY.—55, 78, 113, 115, 145, 173.
MISCELLANEOUS.—16, 25, 34, 36, 39, 71, 84, 91, 97, 102, 
	104, 122, 123, 137, 153, 177, 178, 196, 209.
PARTING HYMNS.—46, 63, 72, 116, 207.
POWER OF CHRIST.—47, 52, 225, 237.
PRAISE.—12, 33, 77, 81, 200, 230, 232, 248, 249, 252, 269,
	271.
PRAYER.—22, 79, 100, 105, 106, 108, 111, 118, 136, 144,
	157, 158, 176, 179, 192, 218, 224, 236, 256, 277.
REST.—107, 219, 222, 270.
SALVATION.—35, 88, 126, 133, 191.
SECURITY.—253, 254, 276.
TEMPERANCE.—152.
VOLUNTARIES.—14, 17, 22, 23, 40, 47, 53, 64, 65, 88, 90,
	132, 137, 143. 146, 147, 149, 166, 185 192, 193, 200,
	277.
WORK.—1, 11, 30, 49, 80, 109, 112, 127, 128, 156 167,
	238, 246.

(2) 