  

INDEX OF SUBJECTS.

  
   
  
   
   
   
  
  
  
  
    
  
      
    
   
   
   
  
   
    
 

 

 

 

§. Activity. , 11, 30, 49, 80, 109, 112, 127, 128, 156, 167, | Inranr CLass.—21, 24, 92, 96, 148.
238, 246. JxEsus, Prectous.—5, 40, 41, 48, 48, 50, 75, 175, 203, 260
ANNIVERSARIES.— 142. Joy.—32, 85, 202, 206.
Brrru or Curist.—10, 17, 161, 184. JEsus, OuR FRIEND. Gi-r 98, 163, 170.
BrpiE.—27, 76, 119, 132. JUDGMENT Day.—143, 205.
Buioop oF Jesus.—20, 101, 165, 171, 174, 223. Lover or CHrist.—2, 58, 141, 240, 263.
CHILDREN OF A Kina.—9, LovE FoR THE CHURCH.—268.
Curist A Rock.—44, 131, 149, 220. MisstonaARY:—55, 78, 118, 115, 148, 173.
Crosine Hymn.—198. MIscELLANEOUS.— 16, 25, 34, 36, 39, 71, 84, 91, 97, 102,
: ComInG oF CHRIst.—121, 180, 231. 104, 122, 123, 137 ae Ler, 178, 196, 209.
: CominG To CuRist.—69, 74, 182, 186, 195, 208, 212, 242. | paring Hymns. —46, 63, 72, 116, 207.
ConsECRATION.—89, 94, 162, 199, 255, 262, 264. POWER OF CHRIST. att 52, 9: 25, 237.
DEPENDENCE.—42, 124, 125, 197. PRAISE.—13, 33, 77, 81, 200, 230, 232, 248, 249, 252, 269,
EXPERIENCE.—23, 56, 57, 140, 160, 169, 180, 201, 216, O71.
O51 257. 209:
$ Puwaiirs 7. Ob0. PRAYER.—22, 75 , 100, 105, 106, 108, 111, 118, 136, 144,
Farrit.—8, 37, 155, 166, 190, 204, 228, 234, 247, 258, 261, soos 76,1 , 192, 218, 224, 236, 256, 277.
O74. Rest.—107, am 222, 270.
FoLtiowine Curist.—83, 99, 117, 146, 213. SALVATION.—35, 88, 126, 133, 191.
Gop’s CARE.— 67, 289, ‘'67. SECURITY. 25: 3, 254, 276.
Grace.—66, 266. TEMPERANCE.— 152.
Horr.—50, 211, 235. VOLUNTARIES.—14, 17, 22, 23, 40, 47, 58, 64, 65, 88, 90,
sce ae 3, , 18, 14, 19, 26, 28, 31, 59, 68, 82, 86, 87, 132, 137, 143. 146. 147, 149, 166, 185 192, 193, 200,
j Sa ia 35, 139, 147, 159, 172, 181, 185, 211.
214, 215, 217, 221, 226, 229, 243, 272. Worx.—1, 11, 30, 49, 80. 109. 112, 127, 128, 156, 167,
Invrration.—4, 15, 18, 38, 45, 5 1, 64, 62, 64, 69, 7Q, 103, 238, 246.
110, 114, 129, 134, 151, 164, 194, 210.

 

  
